628812
622259
626846
622695
625755
625881
626891
2259
625743
2446
62422
625487
624598
625317
625518
622332
628394
622354
622500
62505
624899
624622
628549
625663
626366
622713
628447
25
624213
626730
628502
624104
625333
625265
625860
626861
626007
626062
625872
624120
622716
626767
622725
624673
624845
624080
622660
62664
628717
2708
626714
62613
2433
626312
628847
2299
622416
624897
628435
625340
626403
628443
253
2464
624293
625500
624866
622513
626884
624954
624115
2493
62503
622877
625601
624911
624082
624504
622627
626536
624743
626712
628805
62476
626516
622541
622525
62426
624794
626706
626904
625325
626513
2538
624253
628675
626866
624749
626072
628538
622622
625455
62571
626041
628204
62650
628733
626581
626337
624949
2524
624950
625033
625249
626608
622900
626932
628401
624982
625022
624390
2361
624149
625982
6269
2228
628641
622778
624848
626729
628556
62567
62630
2222
628768
62658
622625
622553
624888
248
62511
62656
2380
622576
2346
622283
2676
626821
626197
626895
62885
628691
62468
628846
624815
62443
628
622918
626100
624428
62550
624960
626244
624283
62614
625045
624951
2537
622309
624528
622583
628215
625625
628873
628437
62690
2429
624699
624637
624015
625659
62434
624007
624071
622253
626580
26
628202
62575
626692
628239
625510
625960
625515
628269
62663
62536
624084
624408
2640
622659
628470
622656
624697
625250
628692
628595
62627
6247
2264
622862
625911
628276
62518
626968
625726
62423
62618
2392
624642
2378
625604
626084
626709
622855
625150
622637
626292
625969
622383
628867
625296
625690
62549
628288
624778
628755
624337
625774
625736
62645
626303
626982
628557
62229
624532
624651
62531
625766
626651
62822
625483
625351
624937
624974
626311
624824
628537
2244
624496
622393
2229
626906
622221
628787
628764
624973
625277
625896
625722
628539
624797
2648
625496
626220
2451
628490
622257
622504
626472
625251
624654
622899
624689
2672
62674
624193
626592
624670
624599
62442
625426
625654
622367
625110
62502
625489
62276
622130
2663
626947
625594
622789
2654
624109
628856
628500
628536
2382
626859
622454
626317
624758
625462
625660
624043
628419
626259
628481
625851
626067
628590
624369
2277
626352
624807
624287
62609
628620
622134
626177
622382
626386
624122
625095
626047
625536
624356
62271
626354
625557
2677
624292
622662
2562
628415
622683
625213
624324
626552
625007
622150
624682
625876
625254
2561
628382
626161
624492
2234
622183
628739
622307
625650
622201
626586
624898
2595
62401
624270
628270
62284
624653
624077
2416
625429
628776
626693
626987
622797
625211
625946
622197
628293
624346
62635
622901
62440
624391
624025
62884
628757
628496
624537
622436
625092
622144
6243
624860
625301
622597
62419
628725
622284
625943
2577
622896
2301
628715
2695
626511
628706
622207
622202
624719
626206
622478
626751
625944
624164
624290
625799
626594
628509
622819
626210
626805
62686
624665
2442
626558
2322
6255
624049
622518
62421
624422
622743
622453
625161
622839
622870
625669
625379
625568
622633
628563
62598
624775
622608
625034
62492
625169
624989
624876
626105
625853
624587
625183
624629
625836
628310
626935
628504
625730
624620
626006
624238
628699
624368
62697
626515
626589
624619
624684
2418
624624
626061
2506
625047
628400
626677
626184
624901
622361
622696
624218
626282
624578
624033
622341
62458
626269
622568
625435
626241
624621
626436
624053
2405
628391
624462
625438
626265
626454
626593
628661
624099
625008
624437
624198
625897
625928
628544
624801
62281
626457
624063
625430
626687
625564
622388
624477
624790
622468
626478
626765
2311
625883
62545
2477
626809
62438
2255
628859
622883
626501
625888
625218
628485
628255
62576
622199
2575
2549
625060
6260
624142
628388
624520
625235
625656
626154
626404
624020
62267
626256
624098
628290
628548
625990
626867
62597
628456
626172
622530
622647
2474
624352
628396
624579
625384
628352
2412
625866
626103
625222
62563
62457
624442
624489
624421
626417
62578
626761
622822
625019
628422
624342
628371
626961
624867
625989
625671
625900
622572
622550
624641
624433
626734
622735
628895
625030
625572
626350
628375
628795
622669
628253
622737
628721
624128
2568
628597
624327
628331
626898
625029
628294
625476
624639
625334
626136
24
625040
624114
626017
622261
624183
622871
622474
622410
628430
625002
628307
62638
2303
625880
626267
626668
622166
624972
626970
625702
2357
62481
624508
624947
626595
626951
626293
625080
625684
622533
626440
622903
622311
625082
626175
628237
622772
628516
2310
625478
625473
624781
626864
62508
625711
625532
622906
622755
626533
628611
2479
6229
62471
622845
625295
622458
2675
62652
625424
626803
624524
624536
2589
624956
628316
628366
628749
628265
624482
624060
628746
625176
62572
625454
624847
622483
626284
628220
62260
62882
625275
624212
622285
2263
622907
625886
626475
624713
625638
626638
2342
626291
625414
2249
625198
625498
626194
62583
625855
622657
626080
62525
628349
622145
626248
626571
626124
624246
628713
624275
624752
628742
622494
626425
239
626521
625035
625859
622824
628773
622584
2657
62854
622643
625228
628258
625842
626528
625368
62405
626450
624865
62532
622905
626260
628368
622162
626139
622289
626958
628649
2298
624233
622787
622661
62259
626451
2386
625985
6222
628613
628653
62428
626911
628524
625106
624465
62462
625777
624570
625124
624798
625653
626583
626800
622648
622682
626393
624789
628356
628614
625858
2238
624382
624191
622618
62595
622337
625547
625359
62612
62224
2685
2462
2368
625256
628410
624636
624932
622378
626021
2693
624420
622327
622297
625032
622835
626851
624591
62262
628727
62264
625521
62566
62417
626705
628759
624466
625341
624906
2397
624300
624659
2515
2530
625484
2439
2687
625794
2616
625577
2427
624250
628848
624147
625130
622587
622904
628230
628658
628344
624365
62683
62477
624928
2280
625935
626217
625342
625733
625647
622422
625693
626550
625970
624516
625467
622168
622649
624458
2694
2333
626928
628815
625068
622698
626639
626274
626182
622470
628525
628303
625051
625437
626855
624441
628635
62526
625717
628863
625117
628317
628468
625209
625436
625691
624243
626258
626224
628251
624126
626538
624849
62223
624545
622684
628609
626159
626438
625763
625759
625410
626679
624782
626937
622916
622589
6261
625780
626001
62506
626629
622650
622802
626811
622396
628621
626661
624106
62607
2528
625704
625767
62625
626647
624846
62522
622301
2292
625
626092
2574
624340
624726
626927
626541
622487
625725
2312
62414
624634
626847
626402
628210
625565
622392
625439
62214
626196
2351
626908
624132
622717
625709
622308
624942
626351
622372
628416
622278
626941
622522
622209
624199
624185
624449
62675
2374
624776
628381
62479
625192
2359
625241
626253
624163
62634
6286
625350
628890
2406
6248
628748
2711
628832
624040
626607
622714
622815
62496
62270
624548
622876
622365
628596
624588
2512
626880
62256
628681
628881
625014
628386
628205
626060
2473
2261
622570
625396
622580
622869
2553
62459
625375
62408
625369
622771
628358
625442
622190
622593
628327
625936
62604
2411
628492
622588
624231
2717
628555
624009
622620
625701
628402
626684
625764
62861
622547
624829
624214
62529
625676
624694
624585
622386
625655
626208
628752
626493
624095
62410
622299
626298
2504
62287
626028
622160
626787
624649
628240
622161
626696
626119
622670
2631
6264
625637
625428
624802
626996
624001
625933
2585
622153
626361
626110
626829
622872
624405
622814
626519
2349
2456
62412
625190
628526
622738
628716
622569
2592
622463
628291
2667
628216
62282
62615
625889
625120
625651
624644
624615
250
625443
2580
624936
625173
628753
624261
626070
626290
622805
625363
622796
622510
626043
625629
62561
625698
62587
625950
626675
625587
60
2696
626237
625159
622864
626313
624997
626491
624210
628260
624497
62542
2578
624657
4
624560
2245
626889
628449
622832
622758
625024
626002
624604
626913
622362
626473
626295
2454
626816
624795
624495
622840
622312
625214
622674
628659
622315
625910
626532
2278
624325
626125
625362
624890
625122
625267
625773
2644
62216
62409
622590
624404
622731
625731
622788
624376
622475
625926
622390
625771
624452
626203
2692
626376
628734
62491
626759
622630
626960
625602
625962
622333
625406
625882
622732
628408
628894
625506
622673
628465
626715
625448
624902
622830
622921
625535
6244
625787
624597
625174
622646
626873
626975
628268
628574
625167
625622
2329
624895
62672
628351
628389
625607
626356
626875
626539
62510
625302
62244
625412
622631
625132
622488
62606
62453
624394
625705
626784
62649
628761
62871
628770
2428
626073
626986
628446
622398
51
628559
624091
622206
628654
62541
628647
62251
628619
624081
626011
622491
622171
626093
625977
628461
625611
626233
624913
2494
622676
628612
624559
626339
2266
626776
628567
625356
624656
62482
622540
2294
624716
626630
625948
2668
624083
626731
628497
624850
626294
624367
622910
625171
626487
628528
622503
625224
626063
624453
624100
62218
6252
625449
622908
625205
622703
624985
626310
625357
628467
628261
625675
628600
622879
626602
624840
626923
622740
626088
622606
626126
626514
624943
62213
626683
626109
624343
625057
625838
624316
625837
622711
626852
2270
625179
62646
2436
624140
625182
625707
622826
622578
626338
626137
2434
626762
625236
625735
625255
622205
626621
626557
622325
626907
625623
2718
625365
625608
626240
624469
626815
2297
2242
62431
624423
624216
626735
626071
6224
622632
625348
62474
2690
2576
625541
626147
625378
624777
62404
628819
624896
628298
625708
622290
624825
2308
622813
626029
628587
625683
626777
622305
625894
625069
624625
624987
624747
628780
624512
626628
624459
2239
624514
625072
624130
624170
625127
622891
625486
622211
622881
2641
624841
62669
628883
626
62268
624350
6228
628272
62633
2367
625972
626340
625914
622667
2331
62850
622192
626502
625706
628274
2701
624439
628227
622330
625869
2340
628631
624206
625165
625327
628309
62862
625343
624050
626429
625742
628644
626205
2660
2457
625145
628897
625126
628571
624311
626879
2680
622282
625451
625919
625141
624584
628427
622484
624308
625142
626507
624862
628651
625263
626048
628249
626779
625756
2655
624955
624331
626969
624094
622838
625360
624729
625864
626155
626222
628345
625488
622596
624544
625986
626169
625964
2376
628893
626752
62242
625374
626069
626314
62600
2607
625652
62851
622902
622554
624443
2486
626344
626766
628680
628479
624700
622889
624047
624773
622314
626978
625790
622720
2511
2683
624565
625857
624400
625331
625668
624202
626157
626421
626400
626622
626985
624696
2231
628523
62596
625898
626883
628796
622469
626498
625272
622756
625548
624119
625154
624564
625546
622909
624940
62610
625419
625753
625552
626434
625994
628228
625276
622428
625225
622334
625227
624885
624647
62500
2618
622280
624572
624926
624150
626662
622408
2343
628505
624762
626953
622699
625284
622702
624075
628738
625138
6
62620
62888
628720
628573
628478
622697
625789
624550
624153
628359
624155
624016
625609
625300
625417
62517
622343
625955
626427
624141
626273
624476
624635
2455
625086
626387
62450
626984
628469
626005
2556
2686
625050
625114
62872
625001
622456
2371
626676
628520
622232
626164
626505
625149
626054
2503
624105
625673
62418
626856
628778
625253
625206
628347
62866
628579
62488
626682
625681
2304
626950
6287
628325
626794
628794
62622
622694
625382
622406
624203
626202
625269
628224
624151
2709
626774
622489
622159
625981
624688
622765
626617
624127
626405
628607
622747
628792
624205
622671
624580
624023
626166
624971
2646
62255
628685
628892
624446
625321
626980
625519
622287
2432
628292
625044
628838
624272
628827
622272
626919
628808
622875
628854
628813
626710
626322
622861
624646
625529
628238
624296
622528
626793
622924
624835
622563
628287
628511
622156
625355
626894
626991
622214
628383
628811
62554
62570
624998
628802
626359
62837
624929
628576
625634
622151
622450
2296
622418
62520
622509
622355
625661
622425
624282
626081
625471
62464
625635
626921
622655
628535
625665
626700
2250
622279
2531
624366
625878
624561
62245
626545
626955
624464
628527
626323
628766
626003
626218
628281
622431
2450
624129
2566
622175
2241
622878
625157
626610
624533
624864
37
628707
622189
624522
626117
628279
2520
622350
6266
622581
624450
622459
625895
622243
628599
625043
62580
626769
622294
626841
625207
62601
624552
625221
626820
626572
625260
628724
622434
628585
626942
624024
625289
622895
625353
622291
622519
622542
2581
628634
622709
2387
625700
626423
626382
622193
624705
62687
2437
626192
622681
625373
626720
628853
626897
626857
622359
626917
622236
62519
626652
622399
626619
624291
62857
626725
622240
628353
628336
622387
624793
622360
626226
624769
625585
628628
625648
2262
626122
625346
62494
626940
626068
622700
62225
2274
622430
628652
62241
62699
628403
626946
625401
628398
626309
626420
2279
625505
624996
628740
601
624359
62540
622672
624273
625553
2233
624354
626636
622863
628785
625967
624294
624302
62456
626795
625692
622665
2707
2325
628646
624488
625000
626453
622641
625727
2295
622692
628741
625628
2395
622638
628840
626930
624753
62512
628201
624851
628275
625984
2288
2315
628444
624760
625786
626934
2558
626232
628723
626886
2565
622446
622543
626912
626703
622770
628384
622358
624959
625233
2689
628604
628518
2673
626214
622338
625664
624111
2712
622498
622419
625772
626598
625247
628580
2414
624804
628306
2674
622807
2300
626190
626812
5
62586
624447
626057
2487
626741
2544
626701
628657
622440
622517
622402
626512
628820
624874
625318
628491
624569
626840
62655
625792
626690
624676
2529
62232
624738
622379
2541
2518
626832
62694
2697
622526
625618
625721
626398
625018
622438
624573
622427
626916
624780
2573
622619
625459
624893
625490
624821
626331
2679
2243
626145
624668
626477
625801
626698
622574
625699
628506
628245
243
622567
626444
624672
62685
625491
625153
626782
624698
626736
624868
624521
625840
628454
622164
622744
622229
2360
624470
62555
2550
622493
628203
62662
625672
628800
622728
626810
2283
626358
62636
626010
625166
625452
626146
2334
624279
624357
624351
62695
628772
2656
626641
624531
624748
625170
62653
626150
628267
2559
624757
628817
622480
626446
628286
628335
625070
628477
622516
229
624268
625273
628252
625678
625714
624764
628803
625177
624013
626066
62556
628488
624370
625537
2285
624519
626160
624658
625527
625605
622147
62855
625023
628642
622611
62222
628486
624480
624975
625953
625718
624645
624685
2684
622276
624079
2476
2547
625147
628338
2617
628374
622138
625326
622730
622613
626301
622816
626626
626384
622722
625299
624941
625929
624765
626188
626721
625956
622267
62221
2424
628510
622701
624883
628546
622466
624178
626246
628218
626308
624237
624017
626410
624923
624412
625187
625512
628283
624529
625354
626271
628656
624724
628789
624485
625055
625811
628330
625599
2548
622852
625457
626992
628592
624595
2594
625626
626745
624838
624859
622191
626288
628545
624034
626655
625073
223
626496
625283
628284
62425
62864
625578
628687
624406
628244
624456
626931
624787
255
628533
625621
628311
624255
626663
626835
2652
626799
622579
624577
624113
2421
626823
626489
62834
628482
62659
622586
622539
622148
625538
626733
625942
62430
625971
626378
624326
622841
626786
628221
625528
622507
625808
2276
624948
62280
628217
624721
622848
2605
628299
626183
628690
625123
622925
625232
2625
626277
624220
626963
628898
626447
626275
2664
628471
624372
62852
626143
2522
2251
626499
625278
624162
628466
622182
625136
628322
624816
2639
625907
628355
624843
626578
626107
624377
626176
626180
624535
626959
622273
626479
624319
628562
624167
624976
625093
62454
628271
624410
2321
628777
624723
625064
624490
625038
626770
624650
624702
628732
625094
624093
624067
628577
2716
626910
626035
624182
624224
624984
62836
622668
626141
622685
622774
622217
624683
2590
624138
624754
626461
2403
626976
2649
628487
622239
628669
624487
624878
625781
625158
626887
2638
624543
2526
624379
625395
628333
624046
626051
2352
62237
622328
624257
626304
625469
628697
625583
2604
2614
624285
628880
625918
625810
626445
622376
626568
625372
625998
626319
62269
622444
625027
626802
622775
624262
625376
232
624304
6282
625846
622532
622170
624399
626758
628542
624980
626843
624085
624779
624832
622132
622452
624917
624064
2269
624259
626227
62833
2572
62538
62860
624796
626967
622154
628472
622322
625567
626899
2358
624241
624744
2317
2268
625472
625156
626056
628515
2681
62495
23
622538
622779
626757
624307
6242
622768
628575
625400
6259
2247
622626
62654
624924
2272
625952
626369
62473
2535
625752
626481
625314
628783
624380
62668
2287
2320
626174
624889
2328
626573
626819
2480
628360
626584
626191
626870
625729
2488
2453
628441
622894
622767
62439
626874
622664
624264
622389
625680
622689
624968
625598
2452
2583
624774
622885
2319
624242
628453
622227
624314
625822
628219
62692
622849
626039
624707
625927
2426
2626
626480
624725
625740
625561
625931
628314
628636
626775
626671
626697
628209
628591
62546
2385
626476
622481
626038
622884
628719
6221
2463
624038
624660
624583
622180
624711
622536
622663
624062
626724
625530
62226
622368
624701
622457
628550
628387
628804
2323
625592
62594
622882
625769
624008
62413
625088
626718
626189
626694
62621
622893
625386
2258
624509
22
628826
622224
226
622757
626973
230
624891
622783
625281
624143
624152
625545
625610
62533
625148
222
2459
2582
628841
2514
625749
626135
628872
624500
626854
628300
625329
2606
626113
625827
624549
626834
625404
622760
2449
624056
625525
624916
624471
625105
626367
626112
624090
625533
625021
624168
62514
626223
625078
625175
626364
628517
624643
270
625563
625453
624809
624853
626599
622920
62879
628825
62619
626773
624750
626833
622126
625804
246
2546
628660
622721
626470
624869
625305
622811
62820
2438
2691
626925
622499
626348
628835
624338
625091
626102
626742
628329
625210
625916
626972
625947
626091
622264
626302
626335
62233
62558
628884
622591
624527
624912
625405
625226
626390
62569
625874
628553
625951
624633
622187
625991
624232
622551
626488
2478
625215
622306
622423
628745
626045
624286
622679
2444
628323
626324
624175
625184
622195
625196
622598
622654
628318
62874
622186
626053
625746
624180
628370
625416
624900
628282
625844
628248
628377
625238
622680
625011
62848
626219
625531
625387
622873
625996
628888
626101
626000
628594
628864
626204
626199
625877
622377
622194
626719
625217
625670
625551
622384
2501
624558
266
626520
62845
622281
2339
626462
622128
2236
2341
626603
625582
628551
2602
625975
2389
2703
628668
625248
625304
625116
628801
62433
2246
62835
622645
625361
625640
628850
625612
628452
625048
62881
2443
624822
626216
626213
624863
625865
626546
626458
62829
625662
625908
62507
251
62243
628798
55
622158
622234
2633
2509
628568
628424
2466
624717
624176
625734
622794
624440
626254
624741
628829
2609
626336
624992
624444
624378
625482
626830
2608
626131
622520
628235
626523
622734
626658
625394
626554
625782
622603
625523
622204
2388
2227
626500
626865
624051
624525
62504
626938
626090
626123
228
626433
624197
622639
626297
628857
624575
625089
625884
628508
624222
625031
625667
625758
62402
624722
626363
625053
628541
622636
2516
62602
624189
624012
624813
628404
622331
622336
626083
62648
624306
2423
626508
622380
622723
628429
626888
625689
622801
626577
625480
62647
62266
624135
62447
624229
628722
625839
628397
2448
625783
624031
628711
625003
62435
622295
628775
628289
622421
628650
628256
624858
624478
62623
62588
625420
622917
62605
62577
626116
624551
626977
6249
625807
624879
626656
628337
624631
62631
626074
622394
625010
626266
625497
626415
2408
628736
624939
2441
626920
625589
628200
628332
626772
628833
6223
626635
625502
2410
624468
626018
62560
624608
62212
625364
62278
624418
624165
2600
626142
628791
2391
2643
628262
62828
628364
622912
624387
622400
624234
628589
622356
622385
622482
624461
626397
622230
626944
2330
625025
2237
624553
625268
628633
624671
628608
628638
625163
624475
628700
2611
622445
624348
625815
261
62219
628280
624221
622769
625885
2612
625686
624837
2698
628664
626341
625366
626653
628726
62415
254
624783
622323
624345
626686
2584
625274
625818
624436
626838
622754
625485
62427
625597
626749
626079
626702
624493
624381
626441
625297
622666
2309
2545
622149
625522
628565
628421
626649
624667
624922
2419
625012
626827
624204
628640
624788
624317
625280
625178
626824
624227
625973
625079
2632
624139
626503
622846
2401
624361
62261
626013
622141
628899
628513
625103
628582
626381
2705
622167
622575
626962
628774
626743
625580
625465
2543
625409
622375
624424
2560
624786
62451
624734
626064
626551
624687
628842
625377
628672
62521
624301
625757
622834
2447
624735
624704
622784
2470
624349
622688
624767
628708
622502
625450
624388
622853
624297
625071
6284
6262
622914
624072
264
622250
624312
628735
2383
625085
626329
622495
628560
2332
624820
62640
625315
62670
622412
626306
625286
622913
622395
6285
628678
628758
2523
624601
628225
625542
626801
626943
628232
626768
624655
626257
2517
626796
628891
626506
628570
626837
628206
625456
625641
2221
624000
624919
622403
626798
624035
626632
624087
624581
62253
624574
628839
626409
62665
625892
624540
628765
2586
624927
622818
62472
624576
625431
62249
2564
628712
626138
622715
62616
626468
233
622759
626377
628263
622165
626247
2624
2653
628679
2372
625710
2513
2286
626826
622890
62641
62582
628373
626200
626813
626535
626167
625624
622251
62246
622401
622476
625796
626037
626664
626842
247
626722
2688
625520
624055
62215
625144
622600
62868
624364
622842
62589
626389
269
625065
626893
622710
62682
622246
625090
2619
624920
628501
625062
626452
624328
622405
626104
626443
624792
625687
625358
626168
624505
625751
625128
626785
624606
6241
624836
626936
626261
622140
626483
624156
62254
626121
626228
625666
625817
628684
622139
626178
626201
624281
626221
62265
2306
625446
628616
622546
624186
2248
624454
622404
628463
622451
625901
622867
626933
626965
628564
2669
622564
622277
622303
62465
625135
2659
628369
625549
628339
259
628512
624313
625049
624515
628731
625181
624074
625393
625389
624334
628223
622833
624511
626790
628241
624145
624510
624562
625056
626413
626151
625216
626349
624547
62870
624784
624073
624756
624623
622326
622435
624355
625191
624494
2678
626848
2713
2252
2666
622837
2402
62480
2226
628837
626556
624373
626360
624979
626674
624763
624582
625054
624613
625983
624627
625657
624586
622501
626707
624680
62579
2409
625287
62626
624967
624076
626187
622363
626654
628334
622347
624962
62849
628211
624925
624518
626315
622537
625747
626401
2350
626537
625504
626086
622127
62551
622215
625679
625288
622223
2235
625109
624618
2613
622752
625871
625584
2275
628667
626463
625728
624952
624271
626600
626085
626034
624298
62853
625712
625841
624409
624395
622260
625479
624806
628473
62673
624933
622874
624333
625526
624187
625352
626808
626252
626471
626695
622812
62489
622467
2682
625778
622313
624630
626685
624861
2481
62400
624263
624103
62523
62467
624833
625475
624484
622432
626699
62593
2326
622729
628418
626804
622704
2670
628483
624718
625719
626108
628598
626076
2579
62234
624247
62277
62
622247
626998
624385
626033
624230
626569
624144
624278
622792
628442
626456
6240
624965
2502
624690
625508
626262
626437
624720
625188
626431
626330
625906
625058
2267
625938
2265
626014
62411
624320
624027
626670
626032
62880
622351
2492
622292
625243
625509
626791
625328
625595
626642
622496
62544
628786
241
625246
626579
624217
62839
622511
622810
628578
2415
625411
628639
626239
625219
62877
624526
625575
628233
624430
624882
626559
622851
624805
624054
622726
62821
2232
622203
625979
626115
624172
2422
625738
624661
626807
2377
626040
625313
628876
626817
62217
62403
626449
622143
2620
62847
622809
6263
625620
2425
624571
624568
624039
2628
625061
624184
622274
628806
628326
624005
626524
624375
622644
625696
62527
625615
622437
625385
625579
628357
624953
624332
622658
626149
622226
624607
2645
628305
624708
2467
622441
2363
628830
622687
2338
626949
622609
626255
626713
624663
624677
626392
626764
2431
624215
626153
626659
625445
62585
625606
622508
626264
624269
626597
628259
625831
628484
2461
624978
624491
622319
2720
2702
624938
626249
624817
624048
628605
62698
625220
622442
625596
626885
624289
625398
62485
625715
62516
624652
628834
626711
628762
624834
62838
625041
625795
2335
625418
628361
626162
626058
622566
622256
622642
625819
625433
625636
626806
625139
62228
622745
2706
626869
628433
624086
625862
624383
62826
628704
628870
626623
626591
625849
622417
622269
62499
624154
625115
625193
622266
625544
628561
628474
2623
622433
624427
622245
2551
628782
625776
2460
626307
2719
625131
62475
622565
53
625870
2400
625829
626929
628896
622460
62469
628583
2445
626737
625965
624032
626922
624455
625784
626771
622795
628207
625893
625185
62858
622455
626563
628637
2482
624125
622353
625413
62689
622235
62466
624999
628625
622514
626407
622705
626435
624856
628822
2336
622373
625798
625447
628340
625290
625835
628476
622391
625937
622174
2647
624695
624386
2394
626529
624251
626971
624768
624481
626660
622342
624101
626469
622799
624267
626878
626964
628771
622865
625194
626780
622651
624059
624632
6288
626688
626604
628877
625949
626118
625613
2407
224
625995
626464
624791
625848
625391
622429
626242
624280
628630
625026
624596
628236
626185
628552
2483
628682
622443
626082
624431
626648
625968
625863
624266
628460
625195
2507
624602
625806
624715
624148
622238
624036
626094
624245
628257
62873
62437
628701
626278
624274
249
622828
624742
628406
624669
622179
624358
622222
628372
625917
626666
624946
626299
625524
62220
622304
622413
626009
622184
628301
626525
624823
626327
62688
625202
624819
626305
625245
625959
625282
622506
626618
625422
625189
622820
628324
62535
628395
628760
624052
628824
628648
625646
624740
62273
626193
624830
2257
622552
628319
624201
62584
628407
624426
625046
624498
625258
622592
625631
624097
625988
62231
626587
626130
62515
624590
626613
628624
624124
624626
625909
626518
622296
626825
628756
2475
624171
626588
62460
624499
628627
625854
625993
625264
2314
625285
625113
622800
626650
625434
62513
624945
624970
62463
628799
622706
252
625590
625259
626482
626601
622724
62432
62429
2651
626333
628264
622750
624981
6283
2662
626680
622736
625477
628889
624709
626918
625199
622617
624413
622155
62677
628797
626739
626900
628277
622847
628868
626993
625402
622922
625262
626567
628671
622844
622571
624284
62424
624116
622252
624648
62501
626484
2289
6246
624411
628807
628831
624539
626994
628530
625875
624827
622335
625408
626181
625242
625724
626231
625540
62599
622675
626448
625803
624679
628887
626564
622200
622424
625912
2472
622213
626234
2491
622241
2413
6245
625441
628696
62624
625739
625160
626099
628540
624556
626633
622686
626850
626250
626954
2254
624993
625800
626871
625464
622748
625423
626615
625685
628810
625978
624800
2291
622595
628367
626325
622172
626163
626373
622462
62292
624828
624022
624432
624766
624078
628744
625499
626432
626460
625514
625319
626517
624265
625087
2253
622793
626353
628439
2498
622439
624871
626465
624563
624931
625843
6267
624803
626287
622585
626492
624554
624110
622318
624322
624392
625748
624934
628242
628354
2661
2484
626704
624321
628278
624693
624190
628790
624710
624759
2554
628593
625603
626156
622707
238
62289
624363
625495
622781
625824
625067
628426
622228
625098
628602
626235
225
626414
624930
624994
628693
626375
626430
624002
622225
626896
622512
624541
625172
62543
626540
626195
624006
624181
625474
2700
628623
62564
624855
625761
626362
622923
2510
625336
625107
622773
625539
628348
626326
62487
624384
625775
622523
622129
625081
625125
626236
626391
622465
628380
622640
622357
2508
2345
625873
628285
628688
628342
628514
624479
62846
626026
625828
625009
622477
624236
626379
625017
62671
624451
625076
2355
626590
626562
622691
622652
625339
626347
624617
625119
626644
628234
626263
626095
622472
625845
624066
628843
626276
622764
6254
626098
624258
628392
622515
624831
626673
628632
62279
628489
628869
626669
62240
624814
624157
625201
237
625440
624219
625427
622866
626019
628250
624611
625852
624908
626989
626657
628459
625168
628436
624739
626708
626831
62590
6227
625129
626620
625316
2525
626132
626346
624640
624730
625323
625271
622741
626981
625468
622534
624330
624318
628434
624240
625925
2637
625230
628879
622582
624225
625922
62591
624546
2665
626320
624028
624727
628304
62230
628399
625581
626549
2715
628208
622163
624610
624256
625460
624870
626134
625614
626924
622850
625805
626165
624772
625291
2587
625444
626999
626395
622286
626750
624731
626614
2256
624463
62684
622366
626974
625370
628296
62248
624398
626717
622420
625390
626171
626860
625310
62238
624483
625203
62445
628730
2290
62548
622486
62660
2552
628378
2384
625987
625903
62291
2399
625920
628767
622345
625028
625591
622300
626106
624507
622258
624339
622777
626412
624703
626575
622825
624555
628313
625688
625415
2500
625797
626990
626365
624745
628532
624134
628445
625632
622414
628714
626849
624030
624674
624963
626411
625308
2714
2348
626065
625957
626890
624414
626611
622415
628663
628420
628670
628247
62859
628874
622821
624905
625945
622348
626882
624160
622727
625101
628814
628480
622677
624681
626426
622448
625732
626509
624112
626152
625913
62257
624248
626892
62843
2469
624733
622521
624146
2603
625555
2223
625063
626634
62448
628606
2417
622915
624566
625108
624088
2540
624137
62461
628521
622776
2347
64
628320
625980
622562
625558
622693
626012
625425
628622
624915
62552
626251
628629
622560
622426
625338
625322
624785
2621
622302
62436
626372
2284
622242
628425
628448
626144
628709
625137
626723
2354
622397
624226
626836
628750
624884
628617
622628
622919
626383
624921
2527
62452
622911
626355
622535
625940
624875
624123
2396
2344
622265
625104
628865
624706
622718
624037
62493
626995
624305
626243
626087
624854
624567
628231
626280
626744
625164
628494
624589
628350
622411
622176
628409
622497
2542
626230
624277
624826
625750
622785
2356
626268
622244
624194
267
622798
625556
626424
622464
62886
622344
624678
628581
622505
626114
628302
622135
625932
628779
625802
625716
624986
622310
624329
625399
628705
626716
2593
268
624045
6257
626585
626212
624061
62651
622749
628763
2596
624894
625075
622635
626459
624235
628450
625312
27
626128
622806
626988
624842
62844
624362
62679
624761
2555
62830
622485
625152
628728
622407
626120
625257
625143
622471
622275
624315
626646
626926
624736
626455
622181
628411
256
625586
624254
622556
62490
624887
624513
626561
62865
62449
62611
626495
624102
625239
625432
628529
2521
624799
624530
625963
628458
622248
628823
625559
2490
2519
62478
624173
2240
2282
628584
628343
622346
626016
622233
626046
624977
628246
622751
628694
625383
628860
626574
3
62446
624964
626797
622237
626534
626643
628845
622690
622827
626027
626316
625096
62867
6011
622719
624
626565
626526
626560
62887
626606
625821
62290
628702
624910
626158
625930
62528
62288
622270
622605
625392
626542
626681
626740
622339
628519
62274
62676
626905
626678
625349
624935
622544
628440
624068
62842
624089
625151
626318
6226
2364
625397
624728
628828
2505
626645
626548
624474
626173
626738
2316
628390
626272
625997
625513
622804
624983
625570
62565
626380
624092
622607
622131
626289
62263
62823
624751
628499
624029
625234
626732
626637
628673
625645
62498
626778
628312
625074
626096
258
624594
624988
625697
624839
624207
62534
624691
622817
622614
626504
622268
625039
625627
622473
62444
624448
628412
624108
227
2610
625252
626527
628266
622549
625421
626862
624026
625713
625741
628858
62470
624188
622634
625481
2365
624542
626097
625388
628464
624417
628674
628686
62617
622492
2671
626497
626089
625934
628462
625223
235
628781
624592
624295
62483
625992
626170
234
625099
2379
624360
625324
626044
628645
622208
628662
625890
628683
2532
624374
628610
626876
624195
622231
626788
624811
622733
622766
2293
624344
626909
62678
628643
626576
626332
628809
628689
625658
626042
626566
626726
625197
628769
2533
62252
626467
628308
624534
628547
626510
624686
624907
622880
625573
625639
624771
626370
622324
624457
2627
625303
625593
622621
628385
625503
626530
622449
2225
626148
625999
626748
625237
622329
625823
628432
62696
625016
625266
626616
628254
625146
624612
625517
626186
245
624252
626008
624503
628226
626368
62407
625261
624177
625571
622188
62486
625102
62406
2318
62840
628212
62272
628855
624208
62661
624003
622461
626543
625861
624593
625961
622263
626238
626474
626667
2485
2430
236
622762
622790
62568
625833
624812
624158
2534
2539
6253
626215
2636
628438
625619
626903
625856
625347
622558
271
263
2704
624881
625974
624401
624991
2658
624770
625891
2570
62239
624995
624904
628875
622604
626004
625309
625814
622594
624260
625966
62680
628222
62524
626129
625244
628862
622753
62537
628784
62227
626428
624810
624044
2375
625760
625879
628618
626416
624166
62863
2601
628586
628498
628710
2563
2497
625630
624018
626285
624121
622836
625403
628677
624638
628818
625240
625270
628295
2499
622610
628417
626388
62681
628321
62484
622196
2495
2307
628844
62573
626490
622479
625850
2615
2440
2224
624192
2588
628821
624872
2420
624014
625097
2699
625941
626059
622615
628861
625292
628297
622136
622133
624434
62286
624467
626901
622370
242
622616
625921
624065
625332
628572
624675
624502
624057
628754
622763
628836
625976
622146
2591
626396
626858
624310
625307
622371
2710
624445
624628
624118
626374
622529
625562
624228
626334
622573
2571
625345
626245
626627
625036
625744
624506
626052
624603
628328
625186
626609
622524
622545
626997
62559
622823
622271
626270
622561
624852
62416
624419
624714
624397
62547
625121
624396
626140
62875
626078
626747
626689
62639
6258
626049
625902
622293
626127
624873
628603
625785
626914
626296
625337
625867
244
628315
628866
625279
625330
62581
2369
62642
624244
2536
2271
625576
628431
622612
624557
626300
626753
625788
624903
624389
624429
626596
628423
625066
622739
2404
2468
622409
628346
2324
622854
625770
628665
626279
626746
625574
625720
628558
626328
625566
625381
625006
2567
628816
240
624712
625904
622364
625371
62285
625507
624944
625100
625155
628666
622780
628729
626321
622791
2597
628428
625293
628695
2390
626625
624041
62889
628522
62236
62856
62632
624309
2642
624666
625461
628457
624107
628751
2373
62247
626756
2281
625569
624886
62691
625458
628852
625516
62841
624662
625737
626952
625905
625133
2630
624523
6225
624179
625677
628718
625765
624117
625616
628503
626872
624371
625111
62824
62530
628849
622886
625162
62869
2458
628747
626915
626727
62497
625809
626422
624353
628543
62629
626728
626624
2313
62592
625511
625083
2305
62420
626814
626345
2327
624857
6268
628886
624600
622178
62825
626945
624486
626792
626020
625600
624393
62657
2465
62283
624288
628273
626419
626631
626582
626939
626025
626418
626198
622447
626050
624460
625463
622288
622317
626522
626789
626877
625813
626494
625762
626844
625229
624692
625380
625311
626286
628743
622678
62883
625294
622210
628793
625830
624211
622185
626179
626075
626133
622624
628703
626553
622298
625887
2650
624435
622601
622888
62876
62628
62603
625550
62693
628676
2
624957
625682
622623
626755
2260
628507
625617
2273
2629
625306
62878
625923
622746
626406
628243
628737
622557
2599
626979
628341
626015
628475
625915
624010
624407
625042
628363
624021
622321
625118
626902
625494
626760
625208
628376
628379
625084
625344
622374
626225
625768
2393
626966
622177
626948
624402
624737
626612
626547
262
622198
626031
622712
257
6250
628214
628615
624818
624614
625694
625320
622142
2569
628626
625367
624844
626828
628566
626781
628534
622803
54
628414
625231
626570
626209
628495
622860
625204
622831
624096
624416
626863
622216
625723
626853
628362
625832
622599
622761
624969
626466
624159
62441
625180
625643
622857
624438
2370
625812
622255
624169
625939
624664
626640
626485
625847
624249
624909
624808
625005
626531
6251
626691
628554
2353
624323
622254
625134
622782
625466
624174
622531
624609
624425
624755
2302
625140
626763
2381
626343
628413
622527
622898
2634
626672
622
625745
628451
628393
622316
622490
624616
626881
626665
625954
62455
622137
625958
622577
624880
628588
628851
626983
626408
624336
626022
622173
622249
2435
622555
2496
628365
622868
624501
624990
625791
628698
2362
624011
626486
624276
625554
625013
624732
626385
622352
624347
625825
624335
626229
265
625649
628601
625020
626605
624019
625004
62553
625868
6265
622219
626822
624200
626394
624746
2598
628405
624133
62666
622559
624058
622742
625633
622843
626211
628882
62258
622856
624877
626371
626281
628655
625077
626555
625816
622602
622349
624042
625015
62250
628788
34
625644
2635
625703
624136
626342
624403
2557
625754
625407
622340
65
622320
625899
626023
628229
2366
62608
626544
625335
628871
62235
628531
62574
626283
626036
626754
628455
625534
625492
622212
625779
624239
625642
622859
628493
62562
624538
624914
626783
622369
624415
622808
628878
626818
626439
2398
624069
625588
625560
622892
625298
624517
622262
626399
626839
624918
62509
624299
625493
622169
626055
2622
624004
625212
625695
622897
626845
624473
624958
622887
622708
52
622152
625674
62275
625052
622381
625470
625834
260
62539
624966
2471
62667
624892
626030
2489
624303
624131
626956
624209
625112
62832
622858
62557
624961
622629
626957
626357
62643
62827
624070
624605
626207
626442
622157
624161
625037
625924
625501
625793
2230
625059
625543
622218
62637
622220
624341
626111
625200
624223
622786
624196
626868
62831
622653
231
628885
625820
628569
6256
625826
2337
626077
624472
62644
622829
272
628213
626024
622548
